-0.9200031757
-2.5401754379
0.7820525169
-0.3514988422
1.6521825790
-1.0824897289
0.2695949078
-2.6657888889
0.6133022308
0.3557467461
-1.0829217434
0.1581735611
1.4235358238
-0.4029181004
0.2575929165
-1.8111279011
-1.6877350807
0.8109900951
0.7667794228
1.5460405350
-2.6365704536
-1.6364501715
1.4882812500
-1.6254657507
-0.4185400009
-1.2036751509
-1.7648055553
-0.5674130917
1.2308344841
1.1548266411
-2.8271393776
1.9551868439
0.3964822292
0.8324737549
-2.6971783638
-1.0792891979
-0.6113412380
1.7388215065
1.6734647751
1.5232653618
-1.4048353434
0.5059528351
-2.9615089893
-1.1733065844
-1.6692774296
1.9332103729
-1.6145911217
0.1477169991
-2.1674640179
0.6804094315
-0.8179428577
1.9127511978
0.6811227798
-1.8340256214
-2.5463354588
-0.4773855209
-0.5301165581
-2.7495801449
-0.6777708530
-0.3653559685
-0.9395961761
-1.4683908224
1.5516042709
0.8510227203
-0.3512630463
-0.3134801388
-0.0551168919
0.4338636398
1.5690875053
-2.1083614826
1.4428610802
1.1390867233
-0.4964644909
-0.1417260170
-2.8347311020
-1.6534136534
0.6270599365
-0.4336314201
1.4536871910
0.7414631844
-1.9362424612
-2.7626774311
1.2101979256
-0.2270808220
1.0120286942
-2.7326917648
-2.9850020409
0.4422764778
-2.9206614494
-1.8004459143
-0.0444321632
0.1242465973
-0.9125699997
-0.6604130268
-0.9230270386
0.4067311287
-0.3277509212
-2.8656184673
-1.4123022556
-2.3731732368