-0.9200031757
-2.5401754379
0.7820525169
-0.3514988422
1.6521825790
-1.0824897289
0.2695949078
-2.6657888889
0.6133022308
0.3557467461
-1.0829217434
0.1581735611
1.4235358238
-0.4029181004
0.2575929165
-1.8111279011
-1.6877350807
0.8109900951
0.7667794228
1.5460405350
-2.6365704536
-1.6364501715
1.4882812500
-1.6254657507
-0.4185400009
-1.2036751509
-1.7648055553
-0.5674130917
1.2308344841
1.1548266411
-2.8271393776
1.9551868439
0.3964822292
0.8324737549
-2.6971783638
-1.0792891979
-0.6113412380
1.7388215065
1.6734647751
1.5232653618
-1.4048353434
0.5059528351
-2.9615089893
-1.1733065844
-1.6692774296
1.9332103729
-1.6145911217
0.1477169991
-2.1674640179
0.6804094315
-0.8179428577
1.9127511978
0.6811227798
-1.8340256214
-2.5463354588
-0.4773855209
-0.5301165581
-2.7495801449
-0.6777708530
-0.3653559685
-0.9395961761
-1.4683908224
1.5516042709
0.8510227203
-0.3512630463
-0.3134801388
-0.0551168919
0.4338636398
1.5690875053
-2.1083614826
1.4428610802
1.1390867233
-0.4964644909
-0.1417260170
-2.8347311020
-1.6534136534
0.6270599365
-0.4336314201
1.4536871910
0.7414631844
-1.9362424612
-2.7626774311
1.2101979256
-0.2270808220
1.0120286942
-2.7326917648
-2.9850020409
0.4422764778
-2.9206614494
-1.8004459143
-0.0444321632
0.1242465973
-0.9125699997
-0.6604130268
-0.9230270386
0.4067311287
-0.3277509212
-2.8656184673
-1.4123022556
-2.3731732368
-1.3588289022
1.2278780937
-2.6312546730
1.2299075127
-0.2192692757
-2.2623350620
-0.0494568348
0.2602932453
1.9972896576
-1.2449238300
1.3412356377
1.9165253639
-0.5574274063
1.2075533867
-0.9285337925
-1.0613733530
1.7048997879
0.8075711727
-2.2314000130
-2.2909011841
1.0153651237
0.5490980148
-2.0955204964
1.7768039703
0.2562687397
-1.7393679619
-2.2011623383
-1.9837483168
-1.6270593405
-0.8675129414
0.1463458538
1.5083675385
-2.3478636742
-1.7607911825
1.4349532127
-2.5391318798
-2.2592420578
-2.1890072823
-2.2898948193
-2.3244531155
-0.7234635353
-1.0709265471
-2.3664393425
-1.2523792982
-0.6798472404
-0.7384991646
-1.9237580299
1.7374339104
-2.8581240177
-0.0640668869
-0.1755065918
-0.6436882019
-2.0012140274
1.5446095467
-0.5075993538
0.0019686222
-2.2483246326
1.6583719254
0.7792177200
0.1081700325
1.7568373680
-1.7493720055
-0.9484348297
-2.3440573215
0.1636934280
1.4282417297
-1.1733047962
0.2582304478
-1.5534189939
-1.5639381409
-0.9298574924
1.7720746994
0.5110332966
-1.0534291267
1.0447230339
-0.6178410053
-0.6887750626
0.3979618549
-0.5012948513
1.0036015511
0.5782117844
0.6487383842
-2.5450482368
-1.7347131968
1.9357275963
-2.3698458672
1.2563481331
1.8054757118
-0.7998068333
0.5326771736
-0.3750629425
0.5735499859
1.3294134140
0.4102454185
0.7085795403
-0.6833863258
1.5831694603
-0.8033485413
-1.9223401546
1.0878076553
-1.4037517309
1.7770442963
-2.0022263527
-0.4267027378
1.4500932693
-0.3128712177
-0.9561665058
1.3828287125
-1.9424052238
1.0332498550
1.4301552773
0.1524415016
-2.4828302860
0.1631927490
0.8667602539
1.1234869957
1.4075207710
-2.9956049919
1.3042988777
-2.3040251732
0.3383953571
-0.7482628822
-1.4213378429
-0.8013722897
-2.5272560120
0.6366748810
1.9468126297
-0.5552842617
-2.9045379162
-1.9736905098
0.0817518234
0.4449048042
-0.2802586555
1.9955835342
-1.9322659969
1.7607984543
-0.6623411179
0.8200240135
-0.9113814831
-2.2319774628
0.5446028709
-1.0507320166
1.3463187218
1.1820993423
0.4124710560
1.1435394287
-1.7797287703
-2.6446821690
-2.6740305424
0.0050504208
1.7377252579
0.8843293190
-0.8877010345
-1.5892206430
-0.1164166927
-0.4702205658
-1.1742097139
-0.4278264046
-1.9029468298
-1.0092816353
-2.0408806801
-1.5798249245
-1.8320040703
0.9738490582
-2.9970247746
-1.0558837652
0.4812140465
-2.9434189796
-0.0089168549
1.1417737007
-2.3177251816
-2.0301625729
0.7647020817
1.9396848679
0.4608447552
-1.4061105251
-2.5913119316
-2.1155982018
0.9157657623
-2.7177968025
1.6894865036
-2.2113442421
-0.5733740330
-2.5946960449
-2.1915614605
0.6949830055
-1.9307390451
-0.2304434776
-1.6539262533
0.5671114922
0.5149469376
-1.7057862282
-0.8457610607
-1.7141567469
-1.0349121094
-1.8649613857
0.1671495438
-1.4041119814
-2.2847738266
-0.3693835735
0.4800364971
-1.1488686800
0.1735873222
-2.6086840630
-2.3233389854
-1.7303886414
-0.6205189228
-1.4199632406
-1.1512899399
-0.4303178787
0.3589208126
1.0986304283
0.8128538132
-0.0600554943
-2.4918131828
0.1478593349
0.6430418491
-1.4463057518
0.3476030827
0.3067774773
-0.3859615326
-0.4142732620
-2.9252471924
0.4991722107
0.3811845779
1.1461935043
-0.9908354282
-1.0608439445
1.8504333496
-1.3516681194
-1.3921995163
0.4701182842
-0.2693169117
-0.4095821381
-1.6289513111
-0.6965131760
0.9193260670
1.3011283875
1.9161787033
1.2198767662
-0.0878944397
1.9325132370
0.7585506439
0.0281984806
-2.4128153324
-2.2480306625
1.7237639427
-0.2158212662
-2.8895814419
0.2148945332
0.3504920006
1.5892386436
-0.7698829174
0.5391316414
1.0855069160
-1.6669332981
0.5347497463
-0.0760641098
0.4783957005
-0.2798862457
-2.1845946312
-0.3572587967
-2.1962554455
0.1343069077
0.9149599075
-0.8168077469
-0.7656702995
-2.9682915211
1.5165057182
0.4028098583
0.7333955765
-1.2809121609
-0.6978292465
-1.1404516697
-0.3951995373
0.2952666283
-2.9532623291
0.4305081367
-2.6468255520
0.6038389206
-2.4810135365
-2.9787304401
-2.1986303329
0.5465991497
-1.9208705425
-0.0594043732
-1.0513429642
-1.7663342953
-1.6035346985
-2.6657512188
-1.5148894787
-0.2914490700
-1.0711529255
1.1684107780
-0.4076080322
-2.7236061096
1.0663285255
-0.2880342007
-2.7126235962
1.2809634209
1.9576654434
-1.6024413109
-0.1111199856
-1.5702881813
-1.3441251516
-0.7212419510
0.8794016838
0.7693138123
-2.0586209297
-2.2484424114
-0.5215444565
1.7008156776
-2.6004154682
0.4058222771
0.6188185215
-2.7469871044
-0.5517413616
-2.3703360558
0.0380573273
-2.1441054344
-0.4000575542
-2.9917128086
-0.7141904831
1.8667783737
0.6947937012
1.1905078888
-2.8532226086
-1.7770689726
0.4781870842
-0.7675521374
0.8030865192
-1.2434062958
-1.8965742588
-2.4171447754
-0.6109786034
-1.7049291134
0.3966610432
-1.2153750658
-2.9696030617
0.3275172710
0.4370722771
-2.3818130493
-0.0032033920
-0.8783206940
1.0796608925
-1.6818987131
-2.5874671936
1.7701425552
-0.2356891632
-1.1122480631
1.9344148636
0.4742820263
-1.9521884918
0.0706274509
-2.5982346535
-1.7492237091
1.6701521873
-0.8178715706
-0.5287768841
-0.8404586315
-0.1869897842
-0.3186662197
0.8455703259
-0.2651257515
-1.8759939671
-2.1201286316
1.0652399063
0.8471868038
-1.8315424919
-2.1703624725
0.7205209732
-0.7407438755
-2.4316215515
-2.8518235683
1.1810326576
-2.2012114525
-2.3752753735
0.1052281857
0.7838509083
-2.7618069649
1.8712615967
0.7462580204
1.7457857132
-1.2017109394
-1.1234496832
-0.5002233982
0.2631096840
-0.3066935539
0.2650580406
-1.3547194004
-2.3874654770
0.6093580723
0.8597207069
-2.7315280437
-0.7918369770
-0.5790977478
-0.6612930298
-1.7252126932
-1.8471405506
0.3099675179
1.8667306900
-0.4041256905
1.4895710945
-1.4491552114
-2.8220615387
1.8242564201
-2.6732187271
-2.8181619644
-1.3638621569
-1.9732934237
0.4083290100
-0.4114637375
1.2078800201
-2.9102773666
1.5701251030
-1.8916634321
-2.1995842457
-0.0322716236
-1.1426713467
-0.7860484123
-2.3807561398
-2.1431033611
-0.7246379852
-2.5845713615
-0.1161208153
-0.9915390015
1.8859009743
-2.4740757942
-0.8921067715
0.0830521584
-0.5170900822
-2.6483240128
-2.4751543999
0.3441016674
0.4989552498
0.3595175743
-2.5949723721
-1.6816853285
-0.3683106899
-1.0546988249
1.0100932121
-1.5985553265
-0.5432846546
0.5578222275
-0.7011861801
-1.5511677265
-0.8805475235
1.3182139397
-0.1191353798
-1.9180692434
1.1829891205
1.6762080193
-1.1895818710
-1.7977976799
-0.3024768829
-0.7703506947
-2.3298041821
-1.7423620224
-0.8740444183
1.7302227020
0.5677328110
1.8173780441
-2.7732963562
1.3594212532
-2.1442239285
-0.6381001472
-2.0658762455
-0.4034838676
-2.9838562012
0.0280127525
-1.7812484503
1.1291828156
-1.2625415325
-0.4517087936
-1.9771853685
-2.6809818745
0.9767632484
0.3234441280
-1.8356651068
0.5323061943
-2.7928977013
0.8353250027
1.6986269951
-2.2334244251
-1.3528286219
0.7912287712
-0.7774040699
0.6322154999
-1.1374012232
-1.6911072731
1.0104217529
-1.8369619846
-0.6525075436
1.6457490921
-1.5376598835
0.9792780876
-0.3173584938
1.1716923714
-0.5268454552
-0.9820945263
-1.6694042683
-1.8396095037
-0.8469080925
0.1588163376
0.7163698673
1.1144552231
-1.4419740438
1.8345479965
-2.8287844658
1.8861913681
-0.3628044128
0.5578563213
1.3059372902
-2.6913430691
1.7262516022
-2.2039194107
-1.8974223137
-0.6596262455
-0.0420589447
0.0300066471
0.4984550476
-2.7946262360
-2.4499027729
-1.0858924389
1.9879927635
1.1066684723
-0.2923266888
1.3375711441
-1.2819330692
-2.8418059349
0.6858744621
1.0770335197
0.3549549580
-0.8195188046
1.6595735550
1.9366235733
-2.0400812626
-1.1081689596
-2.8860023022
-2.5550367832
-1.9967774153
0.8117194176
0.7658689022
1.6484889984
-2.8683016300
-2.6133785248
-0.0509531498
1.2843809128
-2.6685485840
1.5961804390
-0.4701521397
-2.2229306698
-0.3811411858
-2.1929030418
-0.4061336517
-0.1281983852
0.0081882477
-0.4154593945
-0.3428633213
-1.2706413269
-1.3521056175
-2.2964475155
1.8805780411
0.4556322098
0.3726236820
-0.0699212551
0.4927906990
-0.0555596352
-2.2439155579
-0.5243732929
-2.2580480576
-2.8417172432
1.6055874825
-0.5459148884
-2.7419164181
-1.3967885971
0.3398270607
-0.7934339046
-0.1925811768
-0.2563185692
0.0555529594
0.3352465630
-0.2408530712
1.6762571335
-2.8247025013
-2.4640974998
0.4923017025
-0.4886262417
-2.5128374100
-0.9623112679
-2.1634359360
-1.6337444782
0.1976165771
0.4538629055
-0.5657525063
-1.7742884159
-2.8879747391
1.1562800407
-1.0994271040
0.5684766769
0.5168471336
0.9150116444
1.2526526451
0.6191823483
-1.8917176723
1.6912698746
-2.5173087120
0.5522503853
1.6012620926
0.2506389618
-1.5994813442
0.0276908875
0.8601515293
-0.8477699757
-0.3290066719
-0.5665941238
-0.3475522995
-0.6010856628
-0.4659001827
-2.3852512836
1.4976053238
-1.1571893692
0.0536885262
-1.6232347488
1.6796793938
0.2575726509
-2.9759218693
-1.8229863644
-1.8486512899
-1.3074520826
-1.0851573944
-0.0126187801
-2.5006718636
-0.8175439835
-1.6053571701
-0.7936739922
-0.0141575336
-0.5735697746
-0.9176230431
-2.4276270866
-1.9875901937
1.6275153160
-1.2771176100
0.8308739662
1.2938294411
1.1058864594
-0.9325289726
1.0245618820
0.4074556828
-0.4342575073
0.5123567581
-1.7428894043
1.8717393875
-0.1420869827
0.6568191051
-0.3629350662
-1.4583625793
-0.1359672546
1.5974597931
-2.7113852501
0.4849786758
-2.6992876530
1.0163393021
-0.9387602806
-0.8793323040
1.3474702835
-1.0969585180
-0.1340851784
-0.1377902031
-0.3716487885
0.8502323627
-0.6594929695
1.3230476379
-1.0541405678
1.0594768524
-1.6140091419
1.0720825195
1.4185233116
-2.4613060951
-2.1889810562
-1.6167651415
0.7156300545
1.5060896873
1.3958091736
-2.5507345200
-0.4033167362
-0.8998095989
-0.0656900406
1.6993575096
-2.2815792561
-0.3896825314
-2.5178573132
-2.6356546879
-0.9160182476
0.3734643459
0.2564730644
-1.5146790743
-2.1460187435
0.5505678654
-0.3889267445
0.8468005657
-0.1006872654
-0.1869421005
-2.2834897041
1.3909587860
-2.1948542595
-1.0869020224
-1.3095765114
-2.7219691277
1.3081088066
1.4039206505
-1.8099033833
-1.3462082148
0.1438331604
-2.4346470833
0.1760268211
-0.8556334972
1.3920650482
-1.1879992485
-2.2537431717
0.5429396629
0.4378895760
1.6642169952
-2.8429811001
0.4059941769
-0.5676465034
-1.1630258560
-0.5017132759
1.8623809814
1.4882845879
-0.7463259697
0.7457251549
-1.2031029463
-0.9591126442
-0.5806357861
-1.8079481125
1.2960653305
1.5434527397
-2.2690217495
0.7037940025
-2.3525922298
-1.1589865685
-2.0184628963
-2.2021009922
-1.0451668501
1.8794040680
1.8158011436
1.0652341843
0.5945973396
-1.0884156227
1.9770030975
0.4903323650
-1.4993911982
-1.1125773191
0.9669108391
-2.0522570610
-2.2560629845
0.0006632805
-0.5407962799
-0.1216039658
-0.6117961407
-1.2116411924
-0.8526360989
-1.3044041395
0.9713895321
0.2324762344
-0.5068471432
-1.3284662962
-1.5423731804
-0.6011068821
-1.4265055656
-2.2792878151
0.9951739311
0.3342816830
-2.5983898640
1.4826197624
1.1673703194
1.2463912964
-0.0716271400
-1.0524976254
0.1952896118
1.2718257904
-2.3780465126
-2.6324453354
-1.6793327332
1.3952994347
-1.5450010300
0.0112469196
-1.1131796837
-2.7565126419
-2.4499077797
-2.2206354141
-1.0902253389
-1.5567276478
0.9744038582
-0.4173426628
-2.3913021088
-1.3969433308
1.6041479111
-0.8356137276
-2.2755126953
-0.4270484447
-0.6749649048
-2.0096004009
0.2244894505
-0.7097706795
-0.8872375488
-1.9877532721
1.1977429390
1.1682405472
-0.0529036522
0.1730971336
-1.5347828865
1.2102193832
-1.1547976732
0.4679434299
-2.9519605637
0.7881059647
-2.6158912182
0.7792782784
0.7415552139
1.0976362228
-0.9710683823
0.5957763195
-2.4771032333
-1.1332033873
-2.7475917339
-0.9221990108
-1.2123715878
1.9101619720
-1.1287529469
-2.0266056061
1.6705508232
-2.6307482719
1.3208580017
-1.1159172058
1.1668891907
0.3265404701
-1.2777223587
-0.3846375942
1.1576194763
0.2994377613
0.6522409916
-0.0935745239
-0.6847064495
-2.0940210819
0.3509831429
0.3207364082
-1.6166621447
0.3298659325
1.7587661743
-0.9863004684
1.1734571457
-0.3256192207
1.7621545792
1.1818771362
-1.3353585005
-2.7497847080
-2.9054198265
-0.0203640461
-0.1954278946
-0.3690915108
-1.2523547411
0.2151336670
0.1391515732
1.4336276054
-2.9423470497
-1.7838575840
-0.7986595631
-0.7881484032
0.1162130833
1.7071447372
-0.3202183247
-0.0163843632
0.3582410812
-0.9199628830
1.6073646545
0.5989737511
-1.3828556538
1.6494503021
0.3803262711
-2.4219670296
0.2929677963
-2.8386530876
0.3144652843
1.2754120827
1.1854090691
1.0905365944
-2.7002010345
-1.1458138227
-1.7651315928
0.0120255947
0.3367393017
0.3071269989
1.4862236977
-2.1852097511
1.5898365974
-0.1282701492
1.3459396362
-0.1178495884